w =

   -0.1308
   -1.5214


b =

   -0.0887
    0.9273